#outline
hermite
150 450 50 275 -150 0 0 -225
hermite
50 275 5 250 -50 -50 -50 -50
hermite
5 250 5 100 -10 -10 -10 10
hermite
5 100 100 25 200 300 -300 -300
hermite
100 25 400 25 100 -25 100 25
hermite
350 450 450 275 150 0 0 -225
hermite
450 275 495 250 50 -50 50 -50
hermite
495 250 495 100 10 -10 10 10
hermite
495 100 400 25 -200 300 300 -300
line
150 450 0 150 400 0
line
150 400 0 350 400 0
line
350 400 0 350 450 0
#eyes
hermite
75 275 225 250 50 50 50 50
hermite
225 250 275 250 -50 -50 -50 50
hermite
220 240 280 240 -50 -50 -50 50
hermite
425 275 275 250 -50 50 -50 50
hermite
220 240 75 275 -200 -200 -50 50
hermite
280 240 425 275 200 -200 50 50
#face
hermite
250 200 175 50 -100 -10 0 -200
hermite
250 200 325 50 100 -10 0 -200
hermite
175 50 250 75 100 0 200 0
hermite
325 50 250 75 -100 0 -200 0
#misc parts
line
175 425 0 175 475 0
line
175 425 0 200 425 0
line
200 425 0 200 450 0
line
200 450 0 300 450 0
line
300 450 0 300 425 0
line
300 425 0 325 425 0
line
325 425 0 325 475 0
hermite
325 475 175 475 -100 25 -100 -25
hermite
5 80 80 25 200 300 -300 -300
hermite
5 80 80 25 100 -150 50 50
hermite
495 80 420 25 -200 300 300 -300
hermite
495 80 420 25 -100 -150 -50 50
display
save
spessMehreens.png